!
10.79136690647482 9.84
288.48920863309354 9.84
288.48920863309354 288.24
10.79136690647482 288.24
!
# 0

!
22.541966426858515 22.56
275.53956834532374 22.56
275.53956834532374 275.76
22.541966426858515 275.76
!
# 0

!
124.95784148397976 217.42160278745646
124.45193929173693 182.404181184669
83.97976391231029 181.8815331010453
80.43844856661046 88.06620209059234
65.26138279932546 95.64459930313589
53.878583473861724 107.66550522648085
48.31365935919056 119.94773519163763
48.31365935919056 185.01742160278746
54.13153456998314 197.5609756097561
62.22596964586847 207.75261324041813
70.06745362563238 215.3310104529617
!
# 2
3
7

!
92.32715008431704 124.65156794425089
123.44013490725126 124.65156794425089
124.19898819561551 81.27177700348433
208.4317032040472 78.39721254355402
203.62563237774032 65.33101045296168
194.2664418212479 54.87804878048781
185.1602023608769 48.08362369337979
122.4283305227656 48.34494773519164
108.7689713322091 55.66202090592335
99.15682967959528 65.85365853658537
91.06239460370995 77.87456445993031
!
# 2
2
6

!
177.5716694772344 125.95818815331012
218.8026981450253 126.48083623693381
220.3204047217538 216.89895470383277
237.52107925801013 208.53658536585368
248.39797639123103 197.0383275261324
253.45699831365937 189.98257839721256
254.2158516020236 124.65156794425089
247.6391231028668 112.89198606271778
237.2681281618887 100.60975609756099
226.89713322091063 93.29268292682927
178.58347386172008 92.24738675958189
!
# 2
2
6

!
177.06576728499158 183.18815331010455
175.8010118043845 225.26132404181186
92.07419898819562 225.78397212543555
94.35075885328837 240.67944250871082
103.20404721753795 254.26829268292684
117.11635750421586 263.1533101045296
181.36593591905566 263.4146341463415
193.76053962900505 254.79094076655053
203.8785834738617 243.55400696864112
208.17875210792582 232.31707317073173
208.17875210792582 181.8815331010453
!
# 2
2
6

