SGH LOGO

Number of polygons: 6

polygon 1:
number of vertices: 14
126.5792587229485 44.93188502841838
200.0595911172025 196.84444869592812
224.19546672115453 196.3095453027327
195.768768787611 138.53997883762332
210.78664694118117 148.70314330833702
227.41358346834815 146.5635297355552
231.16805300674068 127.30700758051874
192.01429924921848 44.39698163522292
166.26936527166964 46.00169181480929
203.2777078643961 125.1673940077369
203.2777078643961 129.98152454649602
198.4505327436057 130.51642793969148
195.2324159964121 127.30700758051874
156.07866223888988 44.39698163522292
number of curves: 2
Start curve: 3 9


polygon 2:
number of vertices: 20
28.42669793354352 45.466788421613835
100.29797195420072 44.39698163522292
106.73420544858793 45.466788421613835
114.24314452537301 48.676208780786574
121.21573081095916 54.02524271274115
196.84147437000888 215.03116406457366
200.0595911172025 219.3103912101373
203.81406065559503 221.45000478291914
208.10488298518652 223.05471496250553
259.0583981490853 221.45000478291914
267.1036900170693 232.68297604002373
203.2777078643961 232.68297604002373
196.30512157880995 232.1480726468283
192.01429924921848 227.86884550126462
186.1144185460302 221.9849081761146
115.85220289896981 70.07234450860486
111.56138056937834 63.118600397063915
104.5887942837922 57.76956646510934
98.68891358060391 56.69975967871843
32.18116747193606 56.69975967871843
number of curves: 4
Start curve: 1 5 11 15

polygon 3:
number of vertices: 20
36.471989801527535 62.58369700386845
94.39809125101243 61.51389021747754
99.76161916300178 61.51389021747754
103.51608870139432 64.72331057665028
108.87961661338366 70.07234450860486
183.96900738123446 227.33394210806918
187.18712412842808 231.61316925363283
192.01429924921848 235.89239639919649
198.4505327436057 238.56691336517378
267.6400428082682 239.1018167583692
274.07627630265546 249.2649812290829
195.768768787611 250.86969140866927
186.65077133722914 248.73007783588744
177.53277388684725 241.24143033115107
171.09654039246004 233.2178794332192
104.05244149259326 87.18925309085947
100.83432474539966 81.8402191589049
97.07985520700711 77.56099201334125
91.71632729501776 75.95628183375487
43.98092887831261 76.49118522695034
number of curves: 4
Start curve: 1 5 11 15

polygon 4:
number of vertices: 19
34.86293142793073 96.28261077518223
89.57091613022203 95.74770738198679
94.39809125101243 96.28261077518223
98.15256078940497 98.95712774115952
100.29797195420072 103.23635488672318
170.5601876012611 249.79988462227837
120.14302522856129 250.3347880154738
112.09773336057727 247.66027104949654
104.05244149259326 243.3810439039329
100.29797195420072 237.49710657878285
66.50774610866786 165.28514849739616
69.72586285586146 153.51727384709613
80.98927147103907 149.23804670153248
95.4707968334103 150.30785348792338
81.52562426223801 115.53913293021868
78.3075075150444 110.72500239145957
74.55303797665186 109.65519560506866
69.72586285586146 109.65519560506866
42.37187050471581 110.72500239145957
number of curves: 4
Start curve: 1 6 10 14


polygon 5:
number of vertices: 8
92.78903287741564 169.56437564295982
94.93444404221137 165.82005189059163
99.22526637180285 164.21534171100527
104.05244149259326 167.424762070178
132.47913942613678 225.19432853528735
134.08819779973356 231.07826586043737
129.26102267894316 234.82258961280556
123.36114197575489 231.61316925363283
number of curves: 2
Start curve: 0 4

polygon 6:
number of vertices: 4
12.336114197575489 9.093357684322767
289.09415445622557 9.093357684322767
289.09415445622557 282.4289916072012
12.336114197575489 282.4289916072012
number of curves: 0 
